retweets
7305
5873
2651
2194
5732
7037
7993
13411
8008
3187
7275
3494
3067
3500
3527
13203
13383
10479
19518
8325
5360
6165
4660
6964
6468
21003
28045
29444
22162
23781
22137
23850
26287
27364
27301
30297
18218
30297
43560
36600
36562
25221
35208
33291
23072
16710
19877
14267
16715
16836
12397
25658
14798
19208
11146
11129
16347
15011
8572
9902
26747
32575
66967
17887
16171
17026
16568
22533
19510
31092
27144
10491
27101
10847
46887
12865
24977
15639
33228
23926
20496
21094
18426
24446
26705
22300
24963
22200
18075
8863
29523
16537
22931
24512
37280
18996
10556
15547
24733
20954
23987
18829
18142
18559
37280
24528
19984
21373
9380
20300
22544
16833
25538
21424
18327
18965
30647
20583
24603
13701
9617
21156
18414
19086
19552
23170
23706
19753
19875
33411
37545
41480
32564
22603
21650
25489
26996
18364
16666
33373
9901
17125
32093
15084
26667
12238
24231
26499
59197
15519
31155
21034
15782
27413
19695
20623
11397
15017
17915
14303
19680
31155
19627
15751
19337
17109
9682
37278
16385
21082
24218
10878
15729
22286
20321
75514
18317
24726
20047
29775
18712
19974
14908
26593
33953
21964
12018
24712
8014
33338
31601
27624
29577
39359
31741
17202
47905
15676
15350
21738
12383
19443
10564
8996
17091
17557
15124
14665
14038
20213
7387
16241
12543
13768
26101
19181
15691
26161
33010
20373
16942
41073
17130
45030
14806
13043
18603
11065
17183
15442
24848
25050
18417
19940
21030
19110
7687
24134
21574
17956
13809
16834
19117
18677
14062
26978
17302
13138
12446
18292
45351
12318
9510
9242
11876
19088
19518
18860
35650
1188
7502
16450
27686
22484
58903
18549
9846
12945
15304
22621
29738
38871
17313
18029
19195
26410
19834
30634
30838
20450
21740
22269
30884
21851
11987
28476
22669
17341
6270
10306
14718
15170
11761
10618
11413
15022
22673
17318
11695
17236
14334
17562
25321
20921
22285
23550
23525
16926
12161
15477
13487
29184
23980
23405
14725
19593
13968
7579
14735
13556
8604
19455
19276
21702
20678
25353
22457
15973
22548
20738
36740
20391
15497
8968
20733
18183
15924
24687
14405
7779
28147
31581
18489
18179
19576
22565
36740
25667
29650
22423
22388
23667
18197
15069
32317
29711
16127
21818
22360
17502
19687
21673
16216
20210
10174
17158
20693
17396
14657
13254
25294
9381
22281
23870
34419
15541
17969
21855
19623
32999
12884
19726
31744
28395
38374
27028
37005
32183
17142
18761
25508
21859
18882
14743
24707
37036
21895
19831
13589
15248
20020
7999
19689
20635
20770
19313
39140
11299
14903
22395
22671
14216
16668
30042
14796
23880
24791
30663
31647
20279
30174
19904
25745
36831
32404
31907
13690
21229
28000
26975
39373
23802
30643
13481
29235
17619
22934
13188
12665
39035
21717
31280
32596
18182
25303
23366
20656
35560
22616
35232
29581
42444
22529
30289
35875
22827
35210
36309
29712
38466
34342
12557
12164
14420
17348
27138
51472
39609
28415
36700
29399
28023
21468
15986
41609
62808
35241
46198
21718
25487
28782
16087
25794
22287
9964
10623
12339
6499
17522
14957
15804
27943
16601
19010
32763
36123
31528
21277
23738
36146
26845
27646
21335
21791
32801
23304
46803
43908
14160
14324
12940
7298
6276
31262
41725
28397
52272
43908
31104
39453
29908
41725
30743
12850
27422
24562
15291
8397
25513
19997
25801
15038
21464
11864
28653
16956
27654
21235
39255
22043
40506
15376
24324
24027
15316
6625
18708
25371
9811
19261
27643
15973
25929
23444
24566
29675
27137
38767
18806
24685
13657
8786
2655
29675
21174
23221
21808
18806
24685
38767
27137
33667
16219
22072
15438
10150
22883
17871
33667
26583
36447
21274
23942
25822
35356
31114
23954
22355
23733
21023
28959
28737
22362
25365
18769
12994
15192
13470
14787
12091
15731
16758
20776
22686
35771
22440
15354
9337
11640
28025
22068
25923
13450
11581
23848
11386
18973
11502
16912
26364
21624
17438
11324
10026
33953
18513
16541
19881
36803
28860
30833
15248
33489
35538
34336
22884
31976
23294
29547
15511
32260
26617
27522
23229
21843
29645
22876
32218
19421
39612
30353
37207
19477
16401
12422
29610
20662
49788
188198
19584
28705
12151
15976
18196
16217
17627
15989
17024
15299
14168
36808
27647
16540
28429
99478
40874
45028
32418
32459
18381
28346
15413
31296
13676
25068
53132
17016
24078
23714
51691
35048
27444
15597
18749
11174
16334
22938
63863
15400
20815
2314
6647
11889
26529
31226
21131
14133
20815
19391
18066
24792
34486
20107
33647
23085
48824
32759
52641
22526
32193
11561
29348
16363
22093
16497
22149
36119
20675
24899
15540
18623
16047
21047
18811
19462
18433
27138
10036
21662
13787
20288
17771
18749
24958
23575
20268
15109
17562
17662
30868
24129
24543
14101
23783
16337
15408
21153
8531
8598
9864
10105
12800
8620
15011
22631
6160
18561
12860
10772
17928
12739
14960
21810
13584
6606
10003
15658
12659
17902
16606
9732
13702
10654
8743
25254
16435
12468
17864
16763
13464
19377
28333
14648
23912
16839
19471
20686
22317
36806
32545
29630
17683
27919
34378
14846
23249
23702
10607
14359
10295
36216
22970
13402
13617
16512
20735
6874
7844
17502
14472
22184
18978
15191
54174
10026
13376
12567
10442
21399
22340
10030
7450
16253
38452
12727
13548
47034
9259
12223
14225
18095
16222
21455
25442
37187
36033
28945
25381
18840
13311
23534
8089
14542
21991
26510
32206
42378
14171
26276
30194
27409
16692
15216
25180
6524
17240
29837
34380
43465
47343
28060
12627
10135
14025
21305
15447
16243
11930
14304
35725
20043
17939
23429
38246
12426
11134
12101
8084
11429
20093
22742
24991
14715
16231
7912
5384
12886
7464
15913
20177
23002
11463
9284
10219
8159
7042
9427
20070
7074
43377
3492
11674
17965
19807
11464
15809
15577
12829
40260
16473
33402
18299
25588
19414
32612
9916
14646
10961
41806
20155
32559
14921
15345
14707
14733
11786
7400
6797
18133
10859
23601
8278
35907
3849
42626
9997
24868
10724
14797
10881
15220
9546
24446
37366
31542
14240
14139
17414
35978
14290
35205
12926
28917
15708
73521
9046
6654
49262
22478
10569
19143
20752
14088
19343
22659
12405
15614
13345
18914
16535
17462
11658
22918
14865
15018
13691
41764
10334
4968
31184
9177
16277
8756
37504
3826
19180
11377
19221
10216
15178
19082
8222
16342
10683
14058
15954
12312
13397
8372
10414
10533
10476
264169
27559
38196
14784
9183
15616
12099
30019
24227
13445
10826
9157
8423
11028
7501
13047
14430
28172
19816
18826
34290
13059
22751
12563
10956
12425
11996
10028
13960
5717
18365
10540
10616
12257
12495
6930
12695
6846
11344
21436
14220
24835
81968
82786
12898
15416
19592
17559
17539
38969
11858
11532
22635
16421
14259
18030
37504
14419
19180
12646
12621
36007
15635
25186
13497
16282
15782
14722
14072
28099
18341
29917
17634
23692
26588
7410
16520
24526
23473
12793
9080
13566
10281
13220
17455
11157
16588
13465
41483
7900
4933
9967
22188
13263
21834
6899
8167
11881
5200
6276
12191
11329
16974
8547
20509
25317
35929
35994
13234
25235
34832
24555
10609
6308
10096
9432
13495
5775
9604
12204
16813
16666
12360
13939
22223
34233
7463
35859
23230
24779
17603
23453
29787
14045
19204
24725
14615
10395
10228
16633
8851
23474
20536
25296
17283
9961
8641
13086
9957
11705
7980
27221
9787
19191
10152
8669
6929
11328
9853
12911
24657
12959
11704
13139
12863
9106
5663
12777
11641
8974
5770
7008
33035
8782
9607
7565
5865
13424
15039
18374
11814
15019
22344
16499
6479
18671
14842
13839
13730
13172
20060
16923
16618
24271
24290
26857
23016
7651
16803
15630
13293
16699
22209
23305
24436
10810
20518
15306
5440
67125
19455
15069
13859
15506
6944
12757
28496
14753
15463
12561
9539
20244
12477
10642
8541
22979
26057
39914
13011
18546
10207
13910
17658
22137
11486
7255
8715
10217
12577
24329
23524
24428
13570
19071
23501
17394
9437
16472
29602
16159
15571
6507
4213
11071
8344
7574
11859
33305
18891
19464
20317
12389
12498
5453
5750
14362
12358
4324
5664
7766
15409
21947
17653
11019
6765
5099
15489
11968
15254
10871
13737
10246
16975
11019
20464
16133
11511
21955
14922
11373
15119
13606
15934
21258
10630
15123
12467
16228
12826
9786
9820
6491
9948
13067
19402
5432
11918
9948
4946
18425
22211
18184
19702
18738
14857
10835
17548
15078
15227
13647
9065
14095
10988
19399
21711
21533
31562
16180
33380
15750
20035
20795
14147
19085
17791
4464
11222
26935
13222
12500
14729
6331
17571
11696
12780
17015
17180
7357
13649
15181
12442
17571
14031
11986
13133
11687
8366
25097
18021
35255
22443
10486
14806
6163
9742
8035
10922
22840
22879
13177
17523
21162
36741
14441
14086
8330
10788
8079
7994
14397
16017
11929
7167
13424
41766
72307
11785
45871
13478
24836
13709
15433
17575
30688
7120
31025
26325
12630
16949
13438
7523
9479
15309
12486
13000
13553
16262
23699
13320
20086
10593
6846
7191
8426
13185
15018
14674
20906
7325
7793
4811
5428
5811
2863
5348
1481
6173
11504
6206
10034
10931
13629
10930
15286
21244
13993
13089
9565
9418
13791
10649
13915
17338
17084
17135
14418
10486
18142
15833
12862
9770
16863
14688
16956
42252
8430
6166
8282
8349
10251
6753
7987
6759
18968
13602
11987
14720
21515
17746
29121
7974
8760
12972
25810
21312
16641
21557
71863
13587
54100
23653
34878
22448
38742
12103
51005
21717
20859
32344
26524
32362
43324
35530
39296
25898
27690
17944
40357
45476
61577
6786
14378
10054
10419
15811
21345
7797
13039
8843
7120
18753
25851
10717
5255
10493
39764
13933
11637
6694
17317
8677
6156
6505
11428
10972
9880
17339
7210
11576
7678
9146
6687
8306
7775
12494
9763
21854
5650
7588
11978
11367
21087
10232
9165
4155
3774
25053
8585
13107
18131
6525
11053
51552
16612
22734
9181
13520
7847
18607
7391
11513
13049
8582
9324
12089
20293
23360
13350
5375
14339
42140
6864
3387
8761
7370
5743
7315
5990
41645
9206
9570
15740
20963
14426
